#{"t_start": 1693326345.7780066, "env_id": null}
r,l,t
116.84387,174,3.09071
115.246169,174,3.287185
122.499042,174,3.427809
116.14272,174,3.562449
115.878352,174,3.701119
118.326628,174,3.845692
117.912835,174,3.985345
122.464559,174,4.129932
115.970307,174,4.412178
115.14272,174,4.550807
116.648467,174,4.692428
112.453065,174,4.839044
118.878352,174,4.994657
120.878352,174,5.138236
116.809387,174,5.292849
111.958812,174,5.429485
114.694444,174,5.689761
118.108238,174,5.837392
108.453065,174,6.000972
114.866858,174,6.152525
111.579502,174,6.300181
117.200192,174,6.468679
113.522031,174,6.612295
118.200192,174,6.755911
118.958812,174,6.90853
124.234674,174,7.192743
119.016284,174,7.346332
111.246169,174,7.493938
120.487548,174,7.647527
117.200192,174,7.799121
117.234674,174,7.96069
115.613985,174,8.111287
115.613985,174,8.264916
117.062261,174,8.535154
113.694444,174,8.668823
114.832375,174,8.806429
118.257663,174,8.948063
112.22318,174,9.099644
111.740421,174,9.260242
116.407088,174,9.421821
113.085249,174,9.566397
118.361111,174,9.714003
108.361111,174,9.988269
115.855364,174,10.131885
113.545019,174,10.282482
118.257663,174,10.425101
120.154215,174,10.565753
112.855364,174,10.716364
107.246169,174,10.857944
121.671456,174,10.989592
114.556513,174,11.261903
115.820881,174,11.427421
114.372605,174,11.576024
114.441571,174,11.722632
116.062261,174,11.887192
115.878352,174,12.037803
119.395594,174,12.189384
115.016284,174,12.336989
117.728927,174,12.491576
117.211686,174,12.776849
116.3841,174,12.947358
118.177203,174,13.094963
110.200192,174,13.251581
118.30364,174,13.414109
117.464559,174,13.594659
117.671456,174,13.752205
116.361111,174,13.900843
113.372605,174,14.165102
114.728927,174,14.327693
114.027778,174,14.48026
115.039272,174,14.614927
111.085249,174,14.761547
115.855364,174,14.909113
113.774904,174,15.048766
111.338123,174,15.19239
122.878352,174,15.46068
111.912835,174,15.609241
115.073755,174,15.767816
111.361111,174,15.923418
114.464559,174,16.059038
116.441571,174,16.215657
115.60249,174,16.367231
114.648467,174,16.518841
118.625479,174,16.664419
116.108238,174,16.935694
112.912835,174,17.098294
115.338123,174,17.285759
105.820881,174,17.43339
114.68295,174,17.589945
113.659962,174,17.750542
107.947318,174,17.896126
112.935824,174,18.046764
116.188697,174,18.322985
119.315134,174,18.4676
115.522031,174,18.634153
112.338123,174,18.792765
117.418582,174,18.933353
118.349617,174,19.083951
110.418582,174,19.226569
120.705939,174,19.42105
116.866858,174,19.582617
117.613985,174,19.859876
108.062261,174,20.019477
113.993295,174,20.172041
113.315134,174,20.335643
111.705939,174,20.488196
116.269157,174,20.639791
117.395594,174,20.789391
122.717433,174,20.938032
110.165709,174,21.213258
118.993295,174,21.388788
121.774904,174,21.53739
111.625479,174,21.70197
119.453065,174,21.853583
114.60249,174,22.004172
123.625479,174,22.157732
111.510536,174,22.313317
114.728927,174,22.486853
122.958812,174,22.74217
114.177203,174,22.897754
112.625479,174,23.049358
113.878352,174,23.204933
118.820881,174,23.373482
112.590996,174,23.503135
112.430077,174,23.649743
116.441571,174,23.80034
113.464559,174,24.044688
118.60249,174,24.180362
117.958812,174,24.313968
122.84387,174,24.444618
118.108238,174,24.579316
121.958812,174,24.720936
108.269157,174,24.865549
113.820881,174,25.009165
120.315134,174,25.149789
119.361111,174,25.423059
114.717433,174,25.572659
115.200192,174,25.738217
117.659962,174,25.898787
121.441571,174,26.043399
113.717433,174,26.197988
115.326628,174,26.359555
119.200192,174,26.52212
121.878352,174,26.775443
119.958812,174,26.957967
105.326628,174,27.128511
111.84387,174,27.296089
109.499042,174,27.477604
118.372605,174,27.639172
119.590996,174,27.800742
118.556513,174,27.969313
110.154215,174,28.252557
118.878352,174,28.424102
116.326628,174,28.573698
114.947318,174,28.742247
114.407088,174,28.874893
114.60249,174,29.019505
113.246169,174,29.165128
113.269157,174,29.324692
112.625479,174,29.468305
114.533525,174,29.738597
116.119732,174,29.903157
117.809387,174,30.059739
112.556513,174,30.213327
117.568008,174,30.375894
111.062261,174,30.532474
114.510536,174,30.695046
111.177203,174,30.85163
114.947318,174,31.10994
117.613985,174,31.268517
113.958812,174,31.423103
121.361111,174,31.578694
113.131226,174,31.740268
110.004789,174,31.891857
110.464559,174,32.074369
119.935824,174,32.253888
114.889847,174,32.402491
115.855364,174,32.671771
117.418582,174,32.82935
115.717433,174,32.984935
116.970307,174,33.135532
116.119732,174,33.295105
116.269157,174,33.452685
114.740421,174,33.584332
113.257663,174,33.733933
119.292146,174,34.001218
113.958812,174,34.156801
110.774904,174,34.313382
118.889847,174,34.485929
110.809387,174,34.627562
113.717433,174,34.799085
114.211686,174,34.964642
115.257663,174,35.127207
123.76341,174,35.277806
116.326628,174,35.554065
120.395594,174,35.725622
121.453065,174,35.871218
119.970307,174,36.030792
108.84387,174,36.183383
111.717433,174,36.355922
117.648467,174,36.518486
114.280651,174,36.6691
126.545019,174,36.939364
121.154215,174,37.104919
114.004789,174,37.280449
119.809387,174,37.410105
114.728927,174,37.550727
110.866858,174,37.691351
118.751916,174,37.824995
112.648467,174,37.970604
115.004789,174,38.121202
120.522031,174,38.386495
113.280651,174,38.533101
119.476054,174,38.665746
122.970307,174,38.837287
116.453065,174,38.977922
115.68295,174,39.131512
120.855364,174,39.271138
123.705939,174,39.425725
123.004789,174,39.671069
118.751916,174,39.809698
123.510536,174,39.958301
125.165709,174,40.101918
113.476054,174,40.23556
113.108238,174,40.37419
110.246169,174,40.5198
119.912835,174,40.657432
118.797893,174,40.917736
115.441571,174,41.054371
118.935824,174,41.189011
112.84387,174,41.334622
116.613985,174,41.491204
111.579502,174,41.680696
115.993295,174,41.82531
118.188697,174,41.973912
117.889847,174,42.124509
120.728927,174,42.378831
114.935824,174,42.530454
109.234674,174,42.700986
115.315134,174,42.871531
114.659962,174,43.024125
119.568008,174,43.187685
114.970307,174,43.34327
120.361111,174,43.523788
114.625479,174,43.793067
107.855364,174,43.955632
110.096743,174,44.103245
119.912835,174,44.248849
115.717433,174,44.392464
121.050766,174,44.539073
112.30364,174,44.687675
115.062261,174,44.848248
114.728927,174,45.013803
114.717433,174,45.280092
111.108238,174,45.44466
117.935824,174,45.595258
115.004789,174,45.750841
117.76341,174,45.899444
117.545019,174,46.055029
123.165709,174,46.203631
119.464559,174,46.352236
120.579502,174,46.619519
116.579502,174,46.767126
113.407088,174,46.904757
121.016284,174,47.049372
119.119732,174,47.196976
111.866858,174,47.33361
119.935824,174,47.489548
112.579502,174,47.642797
118.935824,174,47.784419
116.970307,174,48.056691
119.499042,174,48.207288
118.774904,174,48.349907
121.441571,174,48.508484
115.338123,174,48.653123
109.430077,174,48.814664
115.970307,174,48.963267
116.096743,174,49.087933
111.453065,174,49.358248
119.625479,174,49.529752
114.016284,174,49.662398
125.60249,174,49.798035
110.901341,174,49.938659
112.68295,174,50.078285
108.533525,174,50.22988
114.935824,174,50.381475
113.889847,174,50.527086
119.878352,174,50.798388
112.211686,174,50.960926
115.774904,174,51.113518
115.027778,174,51.250153
120.062261,174,51.438648
115.211686,174,51.588248
109.349617,174,51.720907
117.751916,174,51.87947
110.131226,174,52.173684
111.935824,174,52.333257
118.947318,174,52.498844
112.613985,174,52.66538
118.947318,174,52.830927
113.004789,174,53.00546
114.774904,174,53.177001
107.820881,174,53.34555
121.280651,174,53.612847
116.522031,174,53.775402
120.257663,174,53.934974
115.625479,174,54.086568
112.855364,174,54.256127
114.073755,174,54.414692
112.774904,174,54.569308
116.889847,174,54.723866
119.073755,174,54.874492
111.246169,174,55.149727
114.073755,174,55.298412
113.165709,174,55.471948
119.177203,174,55.624541
113.131226,174,55.78212
121.441571,174,55.924738
116.050766,174,56.080322
111.866858,174,56.238903
119.407088,174,56.505186
118.717433,174,56.664796
117.694444,174,56.817352
115.84387,174,56.954983
114.096743,174,57.110568
114.92433,174,57.252197
117.659962,174,57.391815
119.981801,174,57.552386
116.958812,174,57.690018
118.3841,174,57.937357
115.522031,174,58.100955
116.315134,174,58.254551
117.418582,174,58.414082
112.361111,174,58.557698
116.441571,174,58.709294
115.797893,174,58.865875
112.820881,174,59.035421
112.269157,174,59.272787
109.257663,174,59.470259
123.395594,174,59.614872
114.234674,174,59.763475
123.522031,174,59.925043
117.889847,174,60.073646
118.636973,174,60.224243
118.073755,174,60.367859
110.556513,174,60.519454
116.3841,174,60.786739
114.751916,174,60.949304
115.510536,174,61.106883
117.556513,174,61.279422
118.613985,174,61.471935
111.476054,174,61.626494
120.004789,174,61.782079
116.786398,174,61.944643
114.901341,174,62.219907
115.165709,174,62.393454
113.211686,174,62.521109
123.177203,174,62.665715
115.280651,174,62.809331
117.751916,174,62.954942
118.004789,174,63.11651
117.165709,174,63.254142
120.786398,174,63.40474
118.705939,174,63.678009
113.073755,174,63.821625
112.855364,174,63.965241
116.269157,174,64.116835
116.487548,174,64.270425
111.027778,174,64.41803
109.22318,174,64.575609
121.901341,174,64.741166
112.039272,174,65.03538
119.418582,174,65.194953
117.177203,174,65.363502
108.751916,174,65.547047
114.878352,174,65.701626
119.60249,174,65.845238
117.292146,174,65.994815
113.855364,174,66.168351
113.694444,174,66.415689
113.131226,174,66.558308
116.096743,174,66.701925
113.76341,174,66.853518
118.889847,174,66.996143
123.832375,174,67.140751
112.981801,174,67.297332
113.016284,174,67.431972
119.361111,174,67.62346
118.981801,174,67.887754
116.935824,174,68.025385
118.751916,174,68.180969
111.004789,174,68.331567
120.016284,174,68.484159
116.92433,174,68.62977
114.912835,174,68.771391
109.981801,174,68.941974
122.246169,174,69.227172
115.453065,174,69.38874
114.476054,174,69.547316
116.027778,174,69.694922
111.257663,174,69.830559
119.499042,174,69.967194
119.636973,174,70.107818
111.108238,174,70.24545
119.958812,174,70.414
114.590996,174,70.672316
119.68295,174,70.805965
113.901341,174,70.953557
117.556513,174,71.116122
116.579502,174,71.271707
117.361111,174,71.440293
120.590996,174,71.614815
117.92433,174,71.770373
115.464559,174,72.035673
117.694444,174,72.19424
118.234674,174,72.352815
112.832375,174,72.494464
115.430077,174,72.663985
109.568008,174,72.816576
115.809387,174,72.951216
116.92433,174,73.099818
109.717433,174,73.275349
112.096743,174,73.578553
111.993295,174,73.734123
117.855364,174,73.900678
112.579502,174,74.06424
115.453065,174,74.222836
117.533525,174,74.396352
113.809387,174,74.544955
119.625479,174,74.715527
116.68295,174,74.993763
114.246169,174,75.157326
112.60249,174,75.315902
114.326628,174,75.481459
115.556513,174,75.653013
119.993295,174,75.814602
117.453065,174,75.983151
120.901341,174,76.139732
115.14272,174,76.287338
119.84387,174,76.547643
112.108238,174,76.715194
113.234674,174,76.883744
113.246169,174,77.036347
113.085249,174,77.208877
116.556513,174,77.368447
105.993295,174,77.529018
123.257663,174,77.683604
115.797893,174,77.951889
116.395594,174,78.10849
118.257663,174,78.264091
119.407088,174,78.421648
117.487548,174,78.570274
118.119732,174,78.723835
120.84387,174,78.869445
116.728927,174,79.015056
116.579502,174,79.289323
109.165709,174,79.429947
114.372605,174,79.587532
118.280651,174,79.726161
111.935824,174,79.856812
116.579502,174,79.994445
116.016284,174,80.136065
120.579502,174,80.274694
108.234674,174,80.414321
116.257663,174,80.676619
116.671456,174,80.843174
113.947318,174,80.982805
119.993295,174,81.132417
112.016284,174,81.296963
117.004789,174,81.446561
116.211686,174,81.606151
118.027778,174,81.758738
117.211686,174,82.030013
117.280651,174,82.18061
117.039272,174,82.33819
111.878352,174,82.503781
111.016284,174,82.66035
112.004789,174,82.834884
113.625479,174,82.997451
116.211686,174,83.143061
123.625479,174,83.289667
118.108238,174,83.564932
111.004789,174,83.722512
114.096743,174,83.871113
114.234674,174,84.050633
119.292146,174,84.214196
117.671456,174,84.363803
116.349617,174,84.522399
114.901341,174,84.681953
114.947318,174,84.962278
115.234674,174,85.120825
119.556513,174,85.265438
112.545019,174,85.414042
117.533525,174,85.593561
113.855364,174,85.740169
118.246169,174,85.872814
113.372605,174,86.034383
117.430077,174,86.197945
113.717433,174,86.472251
115.499042,174,86.632787
119.970307,174,86.783381
117.889847,174,86.94398
119.430077,174,87.104522
110.935824,174,87.257115
118.177203,174,87.420676
116.68295,174,87.582243
116.545019,174,87.837565
115.705939,174,88.006111
117.786398,174,88.167679
118.84387,174,88.312292
111.648467,174,88.469871
117.292146,174,88.622463
104.280651,174,88.793008
117.269157,174,88.942607
113.866858,174,89.197925
110.22318,174,89.37545
111.659962,174,89.5061
108.832375,174,89.67066
107.636973,174,89.826256
121.92433,174,89.963876
116.912835,174,90.110484
111.211686,174,90.245124
118.774904,174,90.397719
111.820881,174,90.65706
115.487548,174,90.823578
114.200192,174,90.98016
111.774904,174,91.138735
119.84387,174,91.298309
113.441571,174,91.460874
120.039272,174,91.60848
116.671456,174,91.778026
121.30364,174,92.062266
113.30364,174,92.225829
119.659962,174,92.376426
116.878352,174,92.531013
113.372605,174,92.693579
114.188697,174,92.854149
117.292146,174,93.02174
117.188697,174,93.178282
115.464559,174,93.32489
120.177203,174,93.604144
116.947318,174,93.748757
119.797893,174,93.892374
118.958812,174,94.04696
122.257663,174,94.204566
120.510536,174,94.354139
115.372605,174,94.506731
116.717433,174,94.659323
110.395594,174,94.932593
116.418582,174,95.082193
112.659962,174,95.237776
118.004789,174,95.389371
114.60249,174,95.545953
117.510536,174,95.721484
115.338123,174,95.87607
120.246169,174,96.030656
116.257663,174,96.17527
121.131226,174,96.457536
117.246169,174,96.622075
113.671456,174,96.768683
108.22318,174,96.927264
122.659962,174,97.076859
117.866858,174,97.231446
125.740421,174,97.390059
115.533525,174,97.548598
114.510536,174,97.827852
115.280651,174,97.997398
114.728927,174,98.16096
118.659962,174,98.304577
115.096743,174,98.455174
121.085249,174,98.597793
105.556513,174,98.758363
115.510536,174,98.919931
127.418582,174,99.068534
116.636973,174,99.323852
113.901341,174,99.51534
119.648467,174,99.638012
116.246169,174,99.781638
111.200192,174,99.922251
117.487548,174,100.069857
107.705939,174,100.216464
115.832375,174,100.440865
113.441571,174,100.701169
115.694444,174,100.84678
113.981801,174,101.016344
111.349617,174,101.171911
119.119732,174,101.310544
115.671456,174,101.463132
109.579502,174,101.607745
115.004789,174,101.748372
114.705939,174,102.019644
110.84387,174,102.171239
115.027778,174,102.305878
118.568008,174,102.472447
112.774904,174,102.625026
117.407088,174,102.792578
116.234674,174,102.947164
126.464559,174,103.113719
113.786398,174,103.271298
119.556513,174,103.52861
117.050766,174,103.677212
116.280651,174,103.829804
119.280651,174,103.982396
116.280651,174,104.157926
120.820881,174,104.315506
118.361111,174,104.48605
116.625479,174,104.638642
120.590996,174,104.911912
123.590996,174,105.067495
118.062261,174,105.228093
115.84387,174,105.399607
110.131226,174,105.560192
115.786398,174,105.732717
118.901341,174,105.876333
115.338123,174,106.036903
117.269157,174,106.190527
115.14272,174,106.454787
113.590996,174,106.601432
114.004789,174,106.766952
119.004789,174,106.921539
119.338123,174,107.080124
118.510536,174,107.234706
121.671456,174,107.390285
117.177203,174,107.536893
113.878352,174,107.804178
113.774904,174,107.950786
113.119732,174,108.079442
116.349617,174,108.214082
117.866858,174,108.357698
117.361111,174,108.491341
113.22318,174,108.636952
109.832375,174,108.77957
117.165709,174,108.927176
122.866858,174,109.173517
125.774904,174,109.327108
112.751916,174,109.477704
114.92433,174,109.646254
110.453065,174,109.77092
115.200192,174,109.911544
114.418582,174,110.069124
124.751916,174,110.226701
123.234674,174,110.500968
118.912835,174,110.678506
110.361111,174,110.824105
120.981801,174,110.964728
111.522031,174,111.105352
115.165709,174,111.248971
113.751916,174,111.398568
121.740421,174,111.538195
116.809387,174,111.697768
116.476054,174,111.95411
114.246169,174,112.135598
114.131226,174,112.287233
115.464559,174,112.435796
124.453065,174,112.595403
115.533525,174,112.755939
117.568008,174,112.899555
116.050766,174,113.046163
114.76341,174,113.330442
116.14272,174,113.481031
113.832375,174,113.648553
112.200192,174,113.797156
115.407088,174,113.948751
113.3841,174,114.113312
118.349617,174,114.275876
118.533525,174,114.431459
119.889847,174,114.704729
114.372605,174,114.858319
110.636973,174,115.039833
115.579502,174,115.196415
115.648467,174,115.359977
116.108238,174,115.529524
121.453065,174,115.693087
114.579502,174,115.827727
122.361111,174,115.974334
115.855364,174,116.239625
115.636973,174,116.388238
114.786398,174,116.530847
115.131226,174,116.674523
111.200192,174,116.82512
120.108238,174,116.975718
113.636973,174,117.112352
122.820881,174,117.25896
113.590996,174,117.500317
112.84387,174,117.665873
120.119732,174,117.796522
113.855364,174,117.938146
126.499042,174,118.083755
122.866858,174,118.233354
118.751916,174,118.385948
111.740421,174,118.544523
119.464559,174,118.692131
118.487548,174,118.958418
117.315134,174,119.10303
126.636973,174,119.254625
110.901341,174,119.41719
117.671456,174,119.569782
117.361111,174,119.74631
113.797893,174,119.875963
107.636973,174,120.008691
114.464559,174,120.259937
111.533525,174,120.433472
117.912835,174,120.584082
116.889847,174,120.746648
113.407088,174,120.921189
115.901341,174,121.075767
115.993295,174,121.239331
116.131226,174,121.395913
113.522031,174,121.551497
115.395594,174,121.836733
115.694444,174,121.985335
114.60249,174,122.154883
120.671456,174,122.318455
114.418582,174,122.47404
116.338123,174,122.625634
120.073755,174,122.787233
121.774904,174,122.930818
110.820881,174,123.195138
116.361111,174,123.347731
112.981801,174,123.505283
120.108238,174,123.659868
117.395594,174,123.832407
116.257663,174,123.977021
120.257663,174,124.124655
120.545019,174,124.28021
111.131226,174,124.441793
118.76341,174,124.728013
110.395594,174,124.879644
119.993295,174,126.219283
119.096743,174,126.371876
113.131226,174,126.517487
115.533525,174,126.67407
114.418582,174,126.824666
117.912835,174,126.970276
112.395594,174,127.24953
115.154215,174,127.418098
124.211686,174,127.560718
126.280651,174,127.702338
117.372605,174,127.836978
114.476054,174,127.963639
114.659962,174,128.108252
116.705939,174,128.256856
117.556513,174,128.499208
125.499042,174,128.632852
114.774904,174,128.779459
115.3841,174,128.938037
109.76341,174,129.102594
119.981801,174,129.26517
112.970307,174,129.423738
118.522031,174,129.580324
114.004789,174,129.755867
120.280651,174,130.028135
117.970307,174,130.178724
120.751916,174,130.325331
111.119732,174,130.470942
121.30364,174,130.61755
114.418582,174,130.785114
113.717433,174,130.943691
112.30364,174,131.09329
114.590996,174,131.361599
119.717433,174,131.510176
111.22318,174,131.660801
118.648467,174,131.833349
117.993295,174,131.972939
111.027778,174,132.133536
111.372605,174,132.288096
109.004789,174,132.438715
118.3841,174,132.590315
113.464559,174,132.869584
111.119732,174,133.028118
120.14272,174,133.184741
110.3841,174,133.339286
119.912835,174,133.487925
116.717433,174,133.62951
119.740421,174,133.789083
118.154215,174,133.944684
117.590996,174,134.210004
111.728927,174,134.367537
108.292146,174,134.511209
117.407088,174,134.66175
116.889847,174,134.813344
110.533525,174,134.971921
115.648467,174,135.120527
119.246169,174,135.270123
117.372605,174,135.425736
121.315134,174,135.683019
115.590996,174,135.863537
115.579502,174,136.013165
123.016284,174,136.155782
121.705939,174,136.287404
115.705939,174,136.426073
112.200192,174,136.567683
113.958812,174,136.705327
111.499042,174,136.961601
119.246169,174,137.110233
118.292146,174,137.262825
112.372605,174,137.417419
116.68295,174,137.579954
109.659962,174,137.731554
118.062261,174,137.911076
113.728927,174,138.068667
116.154215,174,138.237206
117.76341,174,138.50449
115.453065,174,138.659076
119.487548,174,138.809674
113.60249,174,138.966262
118.878352,174,139.111866
109.476054,174,139.273434
109.832375,174,139.444976
115.694444,174,139.59657
120.464559,174,139.888789
110.119732,174,140.067311
117.499042,174,140.233874
117.613985,174,140.378479
118.096743,174,140.517109
112.257663,174,140.674688
113.981801,174,140.814314
117.797893,174,140.964912
116.453065,174,141.226213
116.671456,174,141.372821
116.027778,174,141.5304
120.177203,174,141.689974
115.636973,174,141.87049
118.499042,174,142.019093
111.510536,174,142.188641
120.728927,174,142.364173
109.453065,174,142.535712
117.154215,174,142.81598
114.809387,174,143.028413
121.533525,174,143.201948
116.257663,174,143.367506
115.705939,174,143.536055
116.407088,174,143.712585
117.269157,174,143.873153
112.912835,174,144.032727
117.76341,174,144.300014
105.84387,174,144.453604
114.694444,174,144.603202
122.464559,174,144.765773
110.648467,174,144.937318
111.200192,174,145.093899
116.464559,174,145.259456
116.68295,174,145.41504
119.60249,174,145.557659
118.430077,174,145.855861
114.912835,174,146.008467
115.84387,174,146.159078
113.786398,174,146.320658
117.188697,174,146.479196
117.315134,174,146.629792
111.92433,174,146.788377
114.165709,174,146.926
118.430077,174,147.191291
125.556513,174,147.352859
112.556513,174,147.514428
121.60249,174,147.674999
117.625479,174,147.832576
119.418582,174,147.97719
106.92433,174,148.125793
111.292146,174,148.263425
112.372605,174,148.414024
110.280651,174,148.709233
112.855364,174,148.856839
119.269157,174,149.002449
117.625479,174,149.166011
112.533525,174,149.348524
116.568008,174,149.509095
108.694444,174,149.672657
116.441571,174,149.827244
109.705939,174,150.100513
115.751916,174,150.25111
114.131226,174,150.409686
120.016284,174,150.566268
117.062261,174,150.725842
115.970307,174,150.886412
114.073755,174,151.047979
117.579502,174,151.188622
121.751916,174,151.345185
120.809387,174,151.607483
116.60249,174,151.780033
112.30364,174,151.953575
114.568008,174,152.098172
118.062261,174,152.24877
111.786398,174,152.392385
121.832375,174,152.528023
119.257663,174,152.66366
114.464559,174,152.925959
122.246169,174,153.080546
115.476054,174,153.23214
117.533525,174,153.384768
119.797893,174,153.544307
108.786398,174,153.713852
115.993295,174,153.886408
120.119732,174,154.045996
115.062261,174,154.313278
110.188697,174,154.4549
124.568008,174,154.601479
116.751916,174,154.766039
114.751916,174,154.927608
112.211686,174,155.094162
114.556513,174,155.273681
121.855364,174,155.429266
113.993295,174,155.578866
115.556513,174,155.824211
118.349617,174,155.970818
113.613985,174,156.110445
107.131226,174,156.24309
115.027778,174,156.379725
118.832375,174,156.5014
112.062261,174,156.639032
118.786398,174,156.786637
117.418582,174,157.108775
114.740421,174,157.250397
125.246169,174,157.383043
113.200192,174,157.540621
117.613985,174,157.707176
115.878352,174,157.872733
121.981801,174,158.041282
112.92433,174,158.182904
112.315134,174,158.32652
118.92433,174,158.586834
116.993295,174,158.76036
115.60249,174,158.938883
115.338123,174,159.106435
123.326628,174,159.267006
123.947318,174,159.432563
115.855364,174,159.564211
111.809387,174,159.704835
113.188697,174,159.989075
117.76341,174,160.171586
112.774904,174,160.334153
110.717433,174,160.481757
113.050766,174,160.628365
122.073755,174,160.772979
112.119732,174,160.920584
116.901341,174,161.080158
118.92433,174,161.23674
115.441571,174,161.518984
112.154215,174,161.686552
112.372605,174,161.842544
116.234674,174,162.015667
115.774904,174,162.183208
115.22318,174,162.35475
119.476054,174,162.512328
115.487548,174,162.66891
127.590996,174,162.941196
116.970307,174,163.086793
111.016284,174,163.248388
113.165709,174,163.402948
119.866858,174,163.549556
108.073755,174,163.710135
117.464559,174,163.882664
116.60249,174,164.025283
112.154215,174,164.169897
115.372605,174,164.450148
122.590996,174,164.601748
117.820881,174,164.743364
122.774904,174,164.894967
113.590996,174,165.035583
116.84387,174,165.185183
108.774904,174,165.340795
119.165709,174,165.498345
108.947318,174,165.774607
108.958812,174,165.957119
114.476054,174,166.121679
116.970307,174,166.284245
112.499042,174,166.443817
113.062261,174,166.599402
113.200192,174,166.733044
120.947318,174,166.873668
112.016284,174,167.141978
117.200192,174,167.299538
110.246169,174,167.456129
118.292146,174,167.602736
116.257663,174,167.768295
114.464559,174,167.970755
114.510536,174,168.126336
116.154215,174,168.291893
113.522031,174,168.452471
113.625479,174,168.722749
110.625479,174,168.871351
113.636973,174,169.044889
117.820881,174,169.200472
113.832375,174,169.354069
113.131226,174,169.503672
121.441571,174,169.657258
116.246169,174,169.808852
114.84387,174,170.076138
119.740421,174,170.220751
121.200192,174,170.385312
116.901341,174,170.511987
109.878352,174,170.654592
113.522031,174,170.795217
111.464559,174,170.928859
116.797893,174,171.063498
116.613985,174,171.205119
116.315134,174,171.452458
115.200192,174,171.601064
108.625479,174,171.740687
114.92433,174,171.875328
121.797893,174,172.030913
115.165709,174,172.188491
113.016284,174,172.343079
111.84387,174,172.471734
109.073755,174,172.723062
115.3841,174,172.867675
116.912835,174,173.002314
120.246169,174,173.141942
117.648467,174,173.280571
115.625479,174,173.413217
113.073755,174,173.556832
122.809387,174,173.700451
116.039272,174,173.840076
109.613985,174,174.109372
113.671456,174,174.277961
110.935824,174,174.437494
117.131226,174,174.596108
118.705939,174,174.753679
112.372605,174,174.898263
115.499042,174,175.026919
117.131226,174,175.168541
114.522031,174,175.431836
114.84387,174,175.593404
117.545019,174,175.734028
116.016284,174,175.883657
114.280651,174,176.069133
116.740421,174,176.208759
115.154215,174,176.355395
115.487548,174,176.497018
115.418582,174,176.747319
114.039272,174,176.89196
113.648467,174,177.03358
117.728927,174,177.167227
113.30364,174,177.31483
124.22318,174,177.456423
117.947318,174,177.593074
115.407088,174,177.728724
112.326628,174,177.872339
118.246169,174,178.130621
114.947318,174,178.278227
119.269157,174,178.429848
115.269157,174,178.579448
117.154215,174,178.720061
113.441571,174,178.864659
113.510536,174,179.007282
111.947318,174,179.156904
109.3841,174,179.404216
116.740421,174,179.564786
111.453065,174,179.729373
113.935824,174,179.874957
118.579502,174,180.032569
114.188697,174,180.185128
118.533525,174,180.344701
118.970307,174,180.508264
112.740421,174,180.640936
117.613985,174,180.915176
116.039272,174,181.061784
119.92433,174,181.221381
116.096743,174,181.375981
118.131226,174,181.533523
119.579502,174,181.683144
111.659962,174,181.840702
113.372605,174,182.03122
116.671456,174,182.302467
112.901341,174,182.467064
116.958812,174,182.630617
120.30364,174,182.776201
117.68295,174,182.959709
115.751916,174,183.107342
114.579502,174,183.270925
115.705939,174,183.443417
116.659962,174,183.584068
111.510536,174,183.859305
118.292146,174,184.013891
114.073755,174,184.168478
115.510536,174,184.327081
113.68295,174,184.475657
114.579502,174,184.628251
115.786398,174,184.776851
122.108238,174,184.935427
119.234674,174,185.202743
117.372605,174,185.379241
116.659962,174,185.546793
108.820881,174,185.690447
120.522031,174,185.834025
122.269157,174,185.997587
115.108238,174,186.144224
116.234674,174,186.309752
116.372605,174,186.465373
116.993295,174,186.727635
119.453065,174,186.901171
109.648467,174,187.059748
116.510536,174,187.206357
114.878352,174,187.345012
113.993295,174,187.491592
110.92433,174,187.649173
118.372605,174,187.797801
117.912835,174,188.07603
116.441571,174,188.23963
119.487548,174,188.392185
117.165709,174,188.547802
117.464559,174,188.693416
114.004789,174,188.848991
118.866858,174,189.016516
115.280651,174,189.1821
110.073755,174,189.448362
117.751916,174,189.593973
112.568008,174,189.749557
115.177203,174,189.901155
119.970307,174,190.074687
123.372605,174,190.211361
122.154215,174,190.358927
118.177203,174,190.512517
114.522031,174,190.67209
119.119732,174,190.922421
112.062261,174,191.074015
121.372605,174,191.228643
111.016284,174,191.375238
112.315134,174,191.5288
111.590996,174,191.670421
117.751916,174,191.81905
111.636973,174,192.003531
117.453065,174,192.270815
117.246169,174,192.411439
122.188697,174,192.565029
118.14272,174,192.722608
122.372605,174,192.867249
116.108238,174,193.027792
118.154215,174,193.181418
109.453065,174,193.350927
112.14272,174,193.49953
114.292146,174,193.768811
109.855364,174,193.93338
111.68295,174,194.10493
116.430077,174,194.273461
117.533525,174,194.441013
115.234674,174,194.586643
118.590996,174,194.746198
116.119732,174,194.885851
117.326628,174,195.137152
116.246169,174,195.280794
110.476054,174,195.424384
112.659962,174,195.589961
114.625479,174,195.746523
117.073755,174,195.89815
116.407088,174,196.055697
116.096743,174,196.198315
115.430077,174,196.34592
118.464559,174,196.610214
123.016284,174,196.761808
108.556513,174,196.920384
119.246169,174,197.077962
120.774904,174,197.246512
115.545019,174,197.40312
117.981801,174,197.544742
117.096743,174,197.690326
119.004789,174,197.943648
119.625479,174,198.11023
118.211686,174,198.260837
117.188697,174,198.415387
115.257663,174,198.578949
122.073755,174,198.731542
115.430077,174,198.876204
116.269157,174,199.036726
121.636973,174,199.192311
111.177203,174,199.479542
119.958812,174,199.626162
113.119732,174,199.773755
114.062261,174,199.933329
116.590996,174,200.096892
116.68295,174,200.240508
110.579502,174,200.384123
119.625479,174,200.528737
116.326628,174,200.79206
114.464559,174,200.934652
115.22318,174,201.086247
116.246169,174,201.287708
120.085249,174,201.467228
120.453065,174,201.620856
113.430077,174,201.76543
113.464559,174,201.930028
119.705939,174,202.233181
119.165709,174,202.376823
116.257663,174,202.528418
119.60249,174,202.684011
113.165709,174,202.848555
116.246169,174,202.995172
119.016284,174,203.163693
120.60249,174,203.318302
115.441571,174,203.473891
112.579502,174,203.748174
107.407088,174,203.915713
116.280651,174,204.085228
119.119732,174,204.240812
122.820881,174,204.396425
114.499042,174,204.563988
123.165709,174,204.716571
128.016284,174,204.891074
119.108238,174,205.170367
117.522031,174,205.328903
111.878352,174,205.480498
112.590996,174,205.643092
123.970307,174,205.795664
120.832375,174,205.948247
114.625479,174,206.127787
118.579502,174,206.299308
121.889847,174,206.44093
113.970307,174,206.705254
112.659962,174,206.846845
116.797893,174,206.978533
113.809387,174,207.119117
112.636973,174,207.264728
117.579502,174,207.40538
115.487548,174,207.557944
124.878352,174,207.714527
116.545019,174,208.006744
114.338123,174,208.184269
116.096743,174,208.334907
112.694444,174,208.47948
126.269157,174,208.624094
113.326628,174,208.782669
113.579502,174,208.93129
111.039272,174,209.086879
120.30364,174,209.239484
119.062261,174,209.499752
123.177203,174,209.658328
117.280651,174,209.805938
114.073755,174,209.958526
119.935824,174,210.133086
114.257663,174,210.283656
118.659962,174,210.453203
108.418582,174,210.597816
112.14272,174,210.864105
115.3841,174,210.999741
113.234674,174,211.144355
115.694444,174,211.294979
114.476054,174,211.432611
118.441571,174,211.575203
118.556513,174,211.747775
118.062261,174,211.907363
109.797893,174,212.079854
117.30364,174,212.342153
118.935824,174,212.508708
110.970307,174,212.674282
121.613985,174,212.824862
117.004789,174,212.981444
115.453065,174,213.130074
113.510536,174,213.283635
119.062261,174,213.45023
121.84387,174,213.722489
122.441571,174,213.878047
116.92433,174,214.027666
120.453065,174,214.213176
110.476054,174,214.378709
119.395594,174,214.539307
119.993295,174,214.692895
111.395594,174,214.851444
116.14272,174,215.113742
109.349617,174,215.281294
111.590996,174,215.437904
113.200192,174,215.595454
119.338123,174,215.748073
110.774904,174,215.897675
125.3841,174,216.046249
115.441571,174,216.224772
113.92433,174,216.364426
111.947318,174,216.615755
121.568008,174,216.773342
123.68295,174,216.916922
112.522031,174,217.041588
119.993295,174,217.190191
114.30364,174,217.329817
121.694444,174,217.476425
122.22318,174,217.618047
114.050766,174,217.871413
120.625479,174,218.020998
116.545019,174,218.164586
116.636973,174,218.332138
123.372605,174,218.470767
122.981801,174,218.611418
108.073755,174,218.756032
119.993295,174,218.904608
116.154215,174,219.046229
116.68295,174,219.305536
115.246169,174,219.468116
112.464559,174,219.61673
112.993295,174,219.747354
115.797893,174,219.894988
125.085249,174,220.037577
119.177203,174,220.189173
121.866858,174,220.341791
115.694444,174,220.610048
113.372605,174,220.764634
116.14272,174,220.917225
113.92433,174,221.073808
119.820881,174,221.228395
110.372605,174,221.37201
110.993295,174,221.542627
113.786398,174,221.79305
115.613985,174,221.94265
117.016284,174,222.247834
111.30364,174,222.413391
114.878352,174,222.567978
110.866858,174,222.717578
108.418582,174,222.879148
115.717433,174,223.037735
116.280651,174,223.186338
117.211686,174,223.321975
123.050766,174,223.574302
114.533525,174,223.717917
112.004789,174,223.871518
114.257663,174,224.030083
116.499042,174,224.172701
117.165709,174,224.318311
112.866858,174,224.47589
114.92433,174,224.617512
122.085249,174,224.751154
118.728927,174,224.9965
119.476054,174,225.131139
115.177203,174,225.269768
116.430077,174,225.417379
116.60249,174,225.560002
105.993295,174,225.698631
113.280651,174,225.829282
116.625479,174,225.963922
120.292146,174,226.229213
112.349617,174,226.361858
112.76341,174,226.498493
115.004789,174,226.65308
115.016284,174,226.793704
114.625479,174,226.948291
117.407088,174,227.100919
109.809387,174,227.248487
120.22318,174,227.496824
111.889847,174,227.641437
116.820881,174,227.776077
115.786398,174,227.919693
107.108238,174,228.067298
112.947318,174,228.217896
118.84387,174,228.357523
111.510536,174,228.501139
119.016284,174,228.649741
112.809387,174,228.91603
106.119732,174,229.072611
114.76341,174,229.237171
117.556513,174,229.393752
115.958812,174,229.54435
114.568008,174,229.703923
115.809387,174,229.860531
122.085249,174,230.016088
115.981801,174,230.280381
113.522031,174,230.426003
112.522031,174,230.574595
113.395594,174,230.722205
119.131226,174,230.884771
118.648467,174,231.052318
104.625479,174,231.179976
118.200192,174,231.3206
111.728927,174,231.45524
106.751916,174,231.707566
114.981801,174,231.847193
111.395594,174,231.994797
122.774904,174,232.141417
111.636973,174,232.298985
116.476054,174,232.448585
109.292146,174,232.617134
119.027778,174,232.76075
115.050766,174,233.022053
115.774904,174,233.170655
122.613985,174,233.327272
116.694444,174,233.504761
115.464559,174,233.660345
116.510536,174,233.827897
117.728927,174,233.988494
118.912835,174,234.144051
114.246169,174,234.303632
111.636973,174,234.590858
114.234674,174,234.756414
116.292146,174,234.924005
105.407088,174,235.085564
125.3841,174,235.247102
108.981801,174,235.405679
111.671456,174,235.570277
113.545019,174,235.736793
117.993295,174,236.001086
115.154215,174,236.162655
118.464559,174,236.313252
114.430077,174,236.470831
117.464559,174,236.621429
117.096743,174,236.774023
109.671456,174,236.938581
122.131226,174,237.087182
112.096743,174,237.248751
114.84387,174,237.526009
112.441571,174,237.69057
115.338123,174,237.839172
111.050766,174,238.005727
119.073755,174,238.167296
118.76341,174,238.34482
115.832375,174,238.49442
114.671456,174,238.645019
113.280651,174,238.926265
114.60249,174,239.081892
118.269157,174,239.231459
109.039272,174,239.390027
116.625479,174,239.548602
115.349617,174,239.701194
119.131226,174,239.859806
107.970307,174,240.007375
117.154215,174,240.287626
120.361111,174,240.453184
114.958812,174,240.605775
120.993295,174,240.748394
117.625479,174,240.888021
113.039272,174,241.053578
109.901341,174,241.201184
116.935824,174,241.338815
117.487548,174,241.485423
120.901341,174,241.756698
111.958812,174,241.901312
116.60249,174,242.059889
113.326628,174,242.233424
119.487548,174,242.397984
116.774904,174,242.550576
115.418582,174,242.708155
115.487548,174,242.854763
113.280651,174,243.140997
115.027778,174,243.302575
113.338123,174,243.485078
114.464559,174,243.640661
121.326628,174,243.794251
113.004789,174,243.960806
116.92433,174,244.118384
115.14272,174,244.258011
116.211686,174,244.400629
111.14272,174,244.661931
114.14272,174,244.802555
125.119732,174,244.956144
111.855364,174,245.100757
116.30364,174,245.237392
112.522031,174,245.396965
116.797893,174,245.562523
118.545019,174,245.714117
117.292146,174,245.985392
118.935824,174,246.132998
122.14272,174,246.292575
120.751916,174,246.442171
115.613985,174,246.587782
118.499042,174,246.747355
116.625479,174,246.880001
123.671456,174,247.023617
116.625479,174,247.165238
119.579502,174,247.426539
117.119732,174,247.565168
115.3841,174,247.724742
121.499042,174,247.885313
114.096743,174,248.038902
116.499042,174,248.186507
122.200192,174,248.330123
116.648467,174,248.471744
124.131226,174,248.747009
119.625479,174,248.896609
116.395594,174,249.057195
117.993295,174,249.226727
115.154215,174,249.372337
109.636973,174,249.507974
117.648467,174,249.649596
120.60249,174,249.801191
115.797893,174,249.963756
109.556513,174,250.243009
111.165709,174,250.402583
112.016284,174,250.540215
117.349617,174,250.680838
108.188697,174,250.821463
123.464559,174,250.977047
113.774904,174,251.142604
116.809387,174,251.297192
116.188697,174,251.574449
110.912835,174,251.716071
114.177203,174,251.862679
116.280651,174,252.015271
114.705939,174,252.174844
117.717433,174,252.324457
120.522031,174,252.46806
113.257663,174,252.619656
118.487548,174,252.911874
113.476054,174,253.049506
114.188697,174,253.200103
117.22318,174,253.364664
114.510536,174,253.517255
117.131226,174,253.670845
115.636973,174,253.827426
121.119732,174,253.982013
119.809387,174,254.143581
113.659962,174,254.417847
118.085249,174,254.570439
113.889847,174,254.706077
111.108238,174,254.858669
120.14272,174,255.010263
120.820881,174,255.143906
118.533525,174,255.281538
112.901341,174,255.42316
109.476054,174,255.684462
115.487548,174,255.825085
115.68295,174,255.994632
118.200192,174,256.151213
115.694444,174,256.310787
116.590996,174,256.478338
116.533525,174,256.621954
123.338123,174,256.758589
109.855364,174,256.903202
109.717433,174,257.205394
119.671456,174,257.353
122.901341,174,257.499608
122.774904,174,257.651202
113.901341,174,257.803795
116.269157,174,257.961373
114.648467,174,258.11995
115.349617,174,258.271544
112.418582,174,258.520878
118.200192,174,258.675465
120.280651,174,258.817091
114.280651,174,258.964691
114.740421,174,259.117283
113.131226,174,259.261896
112.499042,174,259.395539
111.648467,174,259.530179
115.395594,174,259.681773
119.797893,174,259.931107
113.522031,174,260.077715
120.30364,174,260.231304
117.30364,174,260.400851
117.096743,174,260.540478
118.177203,174,260.672126
112.92433,174,260.816739
115.832375,174,260.971326
116.407088,174,261.217667
111.76341,174,261.369262
120.269157,174,261.508888
109.751916,174,261.664472
116.499042,174,261.806094
118.004789,174,261.958686
118.958812,174,262.095321
114.832375,174,262.226969
120.234674,174,262.519187
112.590996,174,262.665796
111.648467,174,262.809424
117.188697,174,262.948041
117.073755,174,263.10163
120.315134,174,263.243251
117.84387,174,263.393849
115.60249,174,263.552425
115.935824,174,263.687065
112.533525,174,263.928439
109.395594,174,264.063063
117.786398,174,264.22762
116.648467,174,264.40617
116.234674,174,264.55674
113.269157,174,264.705343
113.177203,174,264.837988
119.60249,174,264.97961
119.165709,174,265.245924
116.809387,174,265.392505
111.981801,174,265.545097
112.119732,174,265.690708
112.154215,174,265.835321
118.545019,174,265.988911
113.200192,174,266.144495
121.809387,174,266.318031
112.636973,174,266.465636
116.947318,174,266.729956
123.338123,174,266.88651
117.648467,174,267.073013
116.636973,174,267.248584
118.855364,174,267.409114
116.096743,174,267.561706
117.395594,174,267.708313
116.315134,174,267.869882
117.855364,174,268.120213
117.269157,174,268.260836
121.338123,174,268.434373
118.648467,174,268.581978
114.68295,174,268.720608
108.68295,174,268.861231
116.418582,174,268.994874
119.430077,174,269.143477
122.694444,174,269.288199
122.441571,174,269.632176
123.407088,174,269.78776
112.648467,174,269.940386
114.556513,174,270.106941
109.648467,174,270.25754
118.694444,174,270.40614
117.92433,174,270.554744
112.441571,174,270.696364
127.866858,174,270.943703
110.613985,174,271.108264
121.050766,174,271.260866
119.958812,174,271.422426
114.705939,174,271.570029
112.866858,174,271.722621
114.510536,174,271.866236
113.188697,174,272.020983
119.60249,174,272.205332
107.096743,174,272.469624
115.315134,174,272.616232
114.522031,174,272.757853
120.935824,174,272.90845
107.786398,174,273.060045
112.200192,174,273.202663
117.60249,174,273.360243
109.499042,174,273.512835
112.889847,174,273.771144
119.855364,174,273.908783
115.590996,174,274.043416
117.464559,174,274.204984
118.280651,174,274.367549
113.797893,174,274.543082
110.613985,174,274.69268
114.22318,174,274.845273
118.694444,174,275.098594
110.22318,174,275.273144
112.119732,174,275.440681
120.430077,174,275.592275
111.901341,174,275.746861
120.372605,174,275.924387
116.92433,174,276.089944
120.60249,174,276.268481
115.786398,174,276.452001
115.292146,174,276.686375
118.533525,174,276.824006
119.820881,174,276.961638
113.935824,174,277.105254
116.568008,174,277.259841
120.889847,174,277.412433
116.751916,174,277.54807
113.257663,174,277.68271
118.085249,174,277.954985
119.14272,174,278.10558
113.234674,174,278.247201
118.84387,174,278.38583
115.728927,174,278.535431
115.786398,174,278.696001
114.234674,174,278.852584
108.085249,174,278.987223
116.211686,174,279.129841
119.131226,174,279.402114
113.625479,174,279.566683
125.889847,174,279.720263
111.636973,174,279.853906
109.545019,174,279.999524
109.487548,174,280.158093
120.912835,174,280.30869
120.338123,174,280.458289
117.430077,174,280.724578
119.280651,174,280.883186
114.866858,174,281.014834
115.947318,174,281.156482
114.119732,174,281.294114
112.60249,174,281.42278
116.430077,174,281.597276
109.039272,174,281.736903
113.085249,174,281.877554
114.499042,174,282.118882
110.326628,174,282.275463
115.648467,174,282.429053
115.590996,174,282.575701
111.648467,174,282.710301
111.68295,174,282.850925
113.786398,174,282.98756
122.590996,174,283.130178
111.338123,174,283.389524
115.108238,174,283.552087
119.062261,174,283.679709
118.705939,174,283.817341
118.855364,174,283.955971
109.050766,174,284.086622
115.027778,174,284.22525
114.625479,174,284.397789
106.073755,174,284.54739
113.889847,174,284.826643
106.740421,174,284.984222
122.004789,174,285.15676
117.016284,174,285.307395
119.717433,174,285.461944
117.832375,174,285.615575
121.832375,174,285.756157
114.280651,174,285.920718
